u,v,w
0,1,0.063959
0,50,0.035942
1,2,0.034412
1,51,0.042599
1,0,0.063959
2,3,0.179923
2,52,0.035294
2,1,0.034412
3,4,0.080273
3,53,0.190912
3,2,0.179923
4,5,0.247090
4,54,0.113455
4,3,0.080273
5,6,0.135904
5,55,0.284009
5,4,0.247090
6,7,0.026307
6,56,0.195214
6,5,0.135904
7,8,0.033735
7,57,0.066320
7,6,0.026307
8,9,0.039411
8,58,0.038423
8,7,0.033735
9,10,0.014673
9,59,0.039019
9,8,0.039411
10,11,0.022866
10,60,0.023200
10,9,0.014673
11,12,0.019996
11,61,0.009606
11,10,0.022866
12,13,0.016638
12,62,0.014139
12,11,0.019996
13,14,0.014673
13,63,0.018394
13,12,0.016638
14,15,0.030878
14,64,0.036996
14,13,0.014673
15,16,0.017538
15,65,0.068935
15,14,0.030878
16,17,0.062868
16,66,0.027730
16,15,0.017538
17,18,0.045395
17,67,0.057768
17,16,0.062868
18,19,0.038822
18,68,0.046068
18,17,0.045395
19,20,0.021118
19,69,0.016169
19,18,0.038822
20,21,0.009606
20,70,0.014139
20,19,0.021118
21,22,0.012401
21,71,0.009606
21,20,0.009606
22,23,0.006792
22,72,0.006792
22,21,0.012401
23,24,0.000000
23,73,0.013585
23,22,0.006792
24,25,0.013006
24,74,0.009606
24,23,0.000000
25,26,0.000000
25,75,0.000000
25,24,0.013006
26,27,0.006792
26,76,0.000000
26,25,0.000000
27,28,0.006792
27,77,0.000000
27,26,0.006792
28,29,0.006792
28,78,0.000000
28,27,0.006792
29,30,0.006792
29,79,0.000000
29,28,0.006792
30,31,0.000000
30,80,0.000000
30,29,0.006792
31,32,0.009606
31,81,0.000000
31,30,0.000000
32,33,0.013585
32,82,0.000000
32,31,0.009606
33,34,0.013585
33,83,0.006792
33,32,0.013585
34,35,0.009606
34,84,0.006792
34,33,0.013585
35,36,0.022866
35,85,0.013585
35,34,0.009606
36,37,0.017971
36,86,0.013585
36,35,0.022866
37,38,0.083281
37,87,0.005546
37,36,0.017971
38,39,0.134081
38,88,0.000000
38,37,0.083281
39,40,0.036367
39,89,0.003922
39,38,0.134081
40,41,0.044540
40,90,0.000000
40,39,0.036367
41,42,0.041130
41,91,0.011765
41,40,0.044540
42,43,0.054621
42,92,0.018394
42,41,0.041130
43,44,0.196627
43,93,0.018394
43,42,0.054621
44,45,0.078038
44,94,0.086453
44,43,0.196627
45,46,0.050373
45,95,0.064914
45,44,0.078038
46,47,0.021118
46,96,0.093049
46,45,0.050373
47,48,0.031859
47,97,0.045395
47,46,0.021118
48,49,0.027730
48,98,0.025110
48,47,0.031859
49,99,0.036788
49,48,0.027730
50,51,0.056829
50,100,0.014673
50,0,0.035942
51,52,0.031859
51,101,0.011092
51,50,0.056829
51,1,0.042599
52,53,0.009606
52,102,0.033735
52,51,0.031859
52,2,0.035294
53,54,0.160641
53,103,0.045901
53,52,0.009606
53,3,0.190912
54,55,0.082818
54,104,0.159247
54,53,0.160641
54,4,0.113455
55,56,0.224319
55,105,0.106245
55,54,0.082818
55,5,0.284009
56,57,0.144780
56,106,0.224354
56,55,0.224319
56,6,0.195214
57,58,0.041871
57,107,0.100747
57,56,0.144780
57,7,0.066320
58,59,0.038021
58,108,0.019212
58,57,0.041871
58,8,0.038423
59,60,0.014673
59,109,0.041871
59,58,0.038021
59,9,0.039019
60,61,0.023854
60,110,0.017538
60,59,0.014673
60,10,0.023200
61,62,0.008769
61,111,0.011092
61,60,0.023854
61,11,0.009606
62,63,0.022528
62,112,0.009606
62,61,0.008769
62,12,0.014139
63,64,0.013006
63,113,0.017971
63,62,0.022528
63,13,0.018394
64,65,0.016638
64,114,0.023200
64,63,0.013006
64,14,0.036996
65,66,0.092552
65,115,0.016638
65,64,0.016638
65,15,0.068935
66,67,0.033735
66,116,0.048823
66,65,0.092552
66,16,0.027730
67,68,0.107038
67,117,0.041871
67,66,0.033735
67,17,0.057768
68,69,0.045901
68,118,0.038822
68,67,0.107038
68,18,0.046068
69,70,0.021118
69,119,0.009606
69,68,0.045901
69,19,0.016169
70,71,0.014139
70,120,0.016169
70,69,0.021118
70,20,0.014139
71,72,0.006792
71,121,0.005546
71,70,0.014139
71,21,0.009606
72,73,0.000000
72,122,0.013585
72,71,0.006792
72,22,0.006792
73,74,0.005546
73,123,0.006792
73,72,0.000000
73,23,0.013585
74,75,0.003922
74,124,0.005546
74,73,0.005546
74,24,0.009606
75,76,0.000000
75,125,0.006792
75,74,0.003922
75,25,0.000000
76,77,0.006792
76,126,0.006792
76,75,0.000000
76,26,0.000000
77,78,0.006792
77,127,0.006792
77,76,0.006792
77,27,0.000000
78,79,0.006792
78,128,0.000000
78,77,0.006792
78,28,0.000000
79,80,0.006792
79,129,0.000000
79,78,0.006792
79,29,0.000000
80,81,0.000000
80,130,0.000000
80,79,0.006792
80,30,0.000000
81,82,0.009606
81,131,0.000000
81,80,0.000000
81,31,0.000000
82,83,0.006792
82,132,0.006792
82,81,0.009606
82,32,0.000000
83,84,0.013585
83,133,0.013585
83,82,0.006792
83,33,0.006792
84,85,0.008769
84,134,0.020377
84,83,0.013585
84,34,0.006792
85,86,0.022866
85,135,0.027169
85,84,0.008769
85,35,0.013585
86,87,0.011765
86,136,0.005546
86,85,0.022866
86,36,0.013585
87,88,0.086719
87,137,0.005546
87,86,0.011765
87,37,0.005546
88,89,0.131592
88,138,0.003922
88,87,0.086719
88,38,0.000000
89,90,0.038623
89,139,0.006792
89,88,0.131592
89,39,0.003922
90,91,0.034187
90,140,0.000000
90,89,0.038623
90,40,0.000000
91,92,0.034412
91,141,0.009606
91,90,0.034187
91,41,0.011765
92,93,0.054621
92,142,0.016169
92,91,0.034412
92,42,0.018394
93,94,0.128278
93,143,0.022866
93,92,0.054621
93,43,0.018394
94,95,0.213428
94,144,0.088995
94,93,0.128278
94,44,0.086453
95,96,0.027730
95,145,0.028549
95,94,0.213428
95,45,0.064914
96,97,0.067924
96,146,0.052759
96,95,0.027730
96,46,0.093049
97,98,0.052173
97,147,0.091298
97,96,0.067924
97,47,0.045395
98,99,0.016169
98,148,0.156912
98,97,0.052173
98,48,0.025110
99,149,0.174807
99,98,0.016169
99,49,0.036788
100,101,0.045395
100,150,0.021118
100,50,0.014673
101,102,0.009606
101,151,0.016169
101,100,0.045395
101,51,0.011092
102,103,0.011765
102,152,0.021479
102,101,0.009606
102,52,0.033735
103,104,0.041130
103,153,0.018394
103,102,0.011765
103,53,0.045901
104,105,0.127013
104,154,0.046731
104,103,0.041130
104,54,0.159247
105,106,0.104861
105,155,0.113183
105,104,0.127013
105,55,0.106245
106,107,0.271751
106,156,0.076546
106,105,0.104861
106,56,0.224354
107,108,0.137535
107,157,0.267358
107,106,0.271751
107,57,0.100747
108,109,0.022184
108,158,0.045395
108,107,0.137535
108,58,0.019212
109,110,0.062500
109,159,0.011092
109,108,0.022184
109,59,0.041871
110,111,0.017971
110,160,0.028818
110,109,0.062500
110,60,0.017538
111,112,0.008769
111,161,0.012401
111,110,0.017971
111,61,0.011092
112,113,0.009606
112,162,0.006792
112,111,0.008769
112,62,0.009606
113,114,0.014139
113,163,0.006792
113,112,0.009606
113,63,0.017971
114,115,0.016169
114,164,0.016638
114,113,0.014139
114,64,0.023200
115,116,0.035942
115,165,0.011765
115,114,0.016169
115,65,0.016638
116,117,0.045226
116,166,0.063355
116,115,0.035942
116,66,0.048823
117,118,0.091885
117,167,0.076646
117,116,0.045226
117,67,0.041871
118,119,0.037409
118,168,0.041871
118,117,0.091885
118,68,0.038822
119,120,0.021479
119,169,0.023200
119,118,0.037409
119,69,0.009606
120,121,0.019996
120,170,0.011765
120,119,0.021479
120,70,0.016169
121,122,0.003922
121,171,0.011765
121,120,0.019996
121,71,0.005546
122,123,0.006792
122,172,0.003922
122,121,0.003922
122,72,0.013585
123,124,0.006792
123,173,0.009606
123,122,0.006792
123,73,0.006792
124,125,0.007843
124,174,0.011765
124,123,0.006792
124,74,0.005546
125,126,0.000000
125,175,0.003922
125,124,0.007843
125,75,0.006792
126,127,0.006792
126,176,0.005546
126,125,0.000000
126,76,0.006792
127,128,0.013585
127,177,0.005546
127,126,0.006792
127,77,0.006792
128,129,0.006792
128,178,0.003922
128,127,0.013585
128,78,0.000000
129,130,0.006792
129,179,0.003922
129,128,0.006792
129,79,0.000000
130,131,0.000000
130,180,0.003922
130,129,0.006792
130,80,0.000000
131,132,0.008769
131,181,0.003922
131,130,0.000000
131,81,0.000000
132,133,0.000000
132,182,0.003922
132,131,0.008769
132,82,0.006792
133,134,0.006792
133,183,0.003922
133,132,0.000000
133,83,0.013585
134,135,0.012401
134,184,0.014673
134,133,0.006792
134,84,0.020377
135,136,0.000000
135,185,0.005546
135,134,0.012401
135,85,0.027169
136,137,0.008769
136,186,0.006792
136,135,0.000000
136,86,0.005546
137,138,0.081697
137,187,0.008769
137,136,0.008769
137,87,0.005546
138,139,0.127073
138,188,0.017971
138,137,0.081697
138,88,0.003922
139,140,0.045395
139,189,0.017094
139,138,0.127073
139,89,0.006792
140,141,0.025415
140,190,0.017094
140,139,0.045395
140,90,0.000000
141,142,0.027730
141,191,0.009606
141,140,0.025415
141,91,0.009606
142,143,0.047869
142,192,0.005546
142,141,0.027730
142,92,0.016169
143,144,0.062868
143,193,0.016169
143,142,0.047869
143,93,0.022866
144,145,0.278680
144,194,0.032810
144,143,0.062868
144,94,0.088995
145,146,0.064438
145,195,0.153343
145,144,0.278680
145,95,0.028549
146,147,0.030122
146,196,0.019996
146,145,0.064438
146,96,0.052759
147,148,0.013585
147,197,0.077445
147,146,0.030122
147,97,0.091298
148,149,0.003922
148,198,0.047869
148,147,0.013585
148,98,0.156912
149,199,0.045395
149,148,0.003922
149,99,0.174807
150,151,0.050221
150,200,0.033735
150,100,0.021118
151,152,0.003922
151,201,0.027730
151,150,0.050221
151,101,0.016169
152,153,0.014139
152,202,0.036367
152,151,0.003922
152,102,0.021479
153,154,0.018394
153,203,0.034412
153,152,0.014139
153,103,0.018394
154,155,0.046068
154,204,0.021118
154,153,0.018394
154,104,0.046731
155,156,0.141666
155,205,0.026307
155,154,0.046068
155,105,0.113183
156,157,0.086364
156,206,0.110711
156,155,0.141666
156,106,0.076546
157,158,0.354723
157,207,0.068935
157,156,0.086364
157,107,0.267358
158,159,0.053483
158,208,0.225072
158,157,0.354723
158,108,0.045395
159,160,0.054055
159,209,0.017971
159,158,0.053483
159,109,0.011092
160,161,0.011765
160,210,0.025415
160,159,0.054055
160,110,0.028818
161,162,0.012401
161,211,0.016169
161,160,0.011765
161,111,0.012401
162,163,0.005546
162,212,0.008769
162,161,0.012401
162,112,0.006792
163,164,0.016638
163,213,0.012401
163,162,0.005546
163,113,0.006792
164,165,0.016638
164,214,0.026597
164,163,0.016638
164,114,0.016638
165,166,0.046401
165,215,0.012401
165,164,0.016638
165,115,0.011765
166,167,0.033735
166,216,0.019608
166,165,0.046401
166,116,0.063355
167,168,0.058824
167,217,0.039019
167,166,0.033735
167,117,0.076646
168,169,0.030878
168,218,0.023200
168,167,0.058824
168,118,0.041871
169,170,0.035511
169,219,0.011765
169,168,0.030878
169,119,0.023200
170,171,0.017538
170,220,0.005546
170,169,0.035511
170,120,0.011765
171,172,0.008769
171,221,0.006792
171,170,0.017538
171,121,0.011765
172,173,0.000000
172,222,0.003922
172,171,0.008769
172,122,0.003922
173,174,0.005546
173,223,0.003922
173,172,0.000000
173,123,0.009606
174,175,0.005546
174,224,0.003922
174,173,0.005546
174,124,0.011765
175,176,0.003922
175,225,0.011092
175,174,0.005546
175,125,0.003922
176,177,0.011765
176,226,0.006792
176,175,0.003922
176,126,0.005546
177,178,0.008769
177,227,0.008769
177,176,0.011765
177,127,0.005546
178,179,0.006792
178,228,0.011765
178,177,0.008769
178,128,0.003922
179,180,0.006792
179,229,0.014673
179,178,0.006792
179,129,0.003922
180,181,0.000000
180,230,0.014673
180,179,0.006792
180,130,0.003922
181,182,0.008769
181,231,0.014673
181,180,0.000000
181,131,0.003922
182,183,0.000000
182,232,0.014139
182,181,0.008769
182,132,0.003922
183,184,0.005546
183,233,0.014139
183,182,0.000000
183,133,0.003922
184,185,0.005546
184,234,0.005546
184,183,0.005546
184,134,0.014673
185,186,0.011765
185,235,0.003922
185,184,0.005546
185,135,0.005546
186,187,0.008769
186,236,0.005546
186,185,0.011765
186,136,0.006792
187,188,0.064676
187,237,0.005546
187,186,0.008769
187,137,0.008769
188,189,0.128038
188,238,0.025110
188,187,0.064676
188,138,0.017971
189,190,0.045395
189,239,0.009606
189,188,0.128038
189,139,0.017094
190,191,0.030122
190,240,0.003922
190,189,0.045395
190,140,0.017094
191,192,0.031859
191,241,0.011765
191,190,0.030122
191,141,0.009606
192,193,0.036367
192,242,0.009606
192,191,0.031859
192,142,0.005546
193,194,0.045733
193,243,0.011765
193,192,0.036367
193,143,0.016169
194,195,0.156912
194,244,0.024174
194,193,0.045733
194,144,0.032810
195,196,0.218238
195,245,0.146207
195,194,0.156912
195,145,0.153343
196,197,0.040565
196,246,0.122199
196,195,0.218238
196,146,0.019996
197,198,0.017971
197,247,0.023529
197,196,0.040565
197,147,0.077445
198,199,0.000000
198,248,0.006792
198,197,0.017971
198,148,0.047869
199,249,0.003922
199,198,0.000000
199,149,0.045395
200,201,0.054339
200,250,0.032810
200,150,0.033735
201,202,0.006792
201,251,0.026307
201,200,0.054339
201,151,0.027730
202,203,0.011092
202,252,0.051131
202,201,0.006792
202,152,0.036367
203,204,0.027730
203,253,0.028549
203,202,0.011092
203,153,0.034412
204,205,0.040375
204,254,0.024174
204,203,0.027730
204,154,0.021118
205,206,0.021118
205,255,0.028818
205,204,0.040375
205,155,0.026307
206,207,0.131065
206,256,0.030878
206,205,0.021118
206,156,0.110711
207,208,0.194385
207,257,0.082539
207,206,0.131065
207,157,0.068935
208,209,0.262979
208,258,0.156716
208,207,0.194385
208,158,0.225072
209,210,0.039411
209,259,0.103829
209,208,0.262979
209,159,0.017971
210,211,0.024174
210,260,0.023529
210,209,0.039411
210,160,0.025415
211,212,0.021479
211,261,0.007843
211,210,0.024174
211,161,0.016169
212,213,0.016169
212,262,0.012401
212,211,0.021479
212,162,0.008769
213,214,0.012401
213,263,0.013006
213,212,0.016169
213,163,0.012401
214,215,0.000000
214,264,0.009606
214,213,0.012401
214,164,0.026597
215,216,0.020377
215,265,0.012401
215,214,0.000000
215,165,0.012401
216,217,0.050221
216,266,0.008769
216,215,0.020377
216,166,0.019608
217,218,0.074921
217,267,0.032338
217,216,0.050221
217,167,0.039019
218,219,0.043315
218,268,0.011765
218,217,0.074921
218,168,0.023200
219,220,0.044540
219,269,0.011765
219,218,0.043315
219,169,0.011765
220,221,0.014139
220,270,0.011765
220,219,0.044540
220,170,0.005546
221,222,0.013006
221,271,0.007843
221,220,0.014139
221,171,0.006792
222,223,0.005546
222,272,0.016169
222,221,0.013006
222,172,0.003922
223,224,0.000000
223,273,0.014673
223,222,0.005546
223,173,0.003922
224,225,0.003922
224,274,0.014673
224,223,0.000000
224,174,0.003922
225,226,0.005546
225,275,0.017538
225,224,0.003922
225,175,0.011092
226,227,0.011765
226,276,0.030628
226,225,0.005546
226,176,0.006792
227,228,0.003922
227,277,0.021118
227,226,0.011765
227,177,0.008769
228,229,0.011092
228,278,0.014673
228,227,0.003922
228,178,0.011765
229,230,0.006792
229,279,0.013585
229,228,0.011092
229,179,0.014673
230,231,0.000000
230,280,0.006792
230,229,0.006792
230,180,0.014673
231,232,0.000000
231,281,0.006792
231,230,0.000000
231,181,0.014673
232,233,0.000000
232,282,0.006792
232,231,0.000000
232,182,0.014139
233,234,0.006792
233,283,0.006792
233,232,0.000000
233,183,0.014139
234,235,0.008769
234,284,0.006792
234,233,0.006792
234,184,0.005546
235,236,0.007843
235,285,0.003922
235,234,0.008769
235,185,0.003922
236,237,0.006792
236,286,0.007843
236,235,0.007843
236,186,0.005546
237,238,0.047546
237,287,0.007843
237,236,0.006792
237,187,0.005546
238,239,0.140904
238,288,0.016169
238,237,0.047546
238,188,0.025110
239,240,0.052173
239,289,0.006792
239,238,0.140904
239,189,0.009606
240,241,0.029607
240,290,0.014673
240,239,0.052173
240,190,0.003922
241,242,0.030122
241,291,0.009606
241,240,0.029607
241,191,0.011765
242,243,0.030122
242,292,0.011765
242,241,0.030122
242,192,0.009606
243,244,0.033962
243,293,0.013585
243,242,0.030122
243,193,0.011765
244,245,0.033962
244,294,0.013585
244,243,0.033962
244,194,0.024174
245,246,0.241933
245,295,0.013585
245,244,0.033962
245,195,0.146207
246,247,0.145891
246,296,0.193592
246,245,0.241933
246,196,0.122199
247,248,0.021479
247,297,0.100594
247,246,0.145891
247,197,0.023529
248,249,0.009606
248,298,0.017971
248,247,0.021479
248,198,0.006792
249,299,0.011092
249,248,0.009606
249,199,0.003922
250,251,0.061131
250,300,0.030122
250,200,0.032810
251,252,0.031859
251,301,0.028818
251,250,0.061131
251,201,0.026307
252,253,0.016169
252,302,0.025110
252,251,0.031859
252,202,0.051131
253,254,0.030122
253,303,0.019996
253,252,0.016169
253,203,0.028549
254,255,0.028818
254,304,0.022528
254,253,0.030122
254,204,0.024174
255,256,0.044540
255,305,0.032810
255,254,0.028818
255,205,0.028818
256,257,0.079406
256,306,0.040942
256,255,0.044540
256,206,0.030878
257,258,0.120041
257,307,0.076042
257,256,0.079406
257,207,0.082539
258,259,0.317356
258,308,0.084927
258,257,0.120041
258,208,0.156716
259,260,0.140631
259,309,0.169083
259,258,0.317356
259,209,0.103829
260,261,0.025415
260,310,0.038423
260,259,0.140631
260,210,0.023529
261,262,0.019212
261,311,0.025715
261,260,0.025415
261,211,0.007843
262,263,0.012401
262,312,0.013006
262,261,0.019212
262,212,0.012401
263,264,0.023200
263,313,0.007843
263,262,0.012401
263,213,0.013006
264,265,0.009606
264,314,0.006792
264,263,0.023200
264,214,0.009606
265,266,0.013585
265,315,0.007843
265,264,0.009606
265,215,0.012401
266,267,0.021118
266,316,0.046068
266,265,0.013585
266,216,0.008769
267,268,0.037203
267,317,0.032810
267,266,0.021118
267,217,0.032338
268,269,0.057099
268,318,0.009606
268,267,0.037203
268,218,0.011765
269,270,0.063355
269,319,0.011765
269,268,0.057099
269,219,0.011765
270,271,0.014673
270,320,0.005546
270,269,0.063355
270,220,0.011765
271,272,0.005546
271,321,0.011765
271,270,0.014673
271,221,0.007843
272,273,0.003922
272,322,0.016169
272,271,0.005546
272,222,0.016169
273,274,0.000000
273,323,0.019212
273,272,0.003922
273,223,0.014673
274,275,0.003922
274,324,0.019212
274,273,0.000000
274,224,0.014673
275,276,0.011765
275,325,0.029607
275,274,0.003922
275,225,0.017538
276,277,0.020377
276,326,0.032338
276,275,0.011765
276,226,0.030628
277,278,0.009606
277,327,0.032338
277,276,0.020377
277,227,0.021118
278,279,0.009606
278,328,0.013585
278,277,0.009606
278,228,0.014673
279,280,0.000000
279,329,0.000000
279,278,0.009606
279,229,0.013585
280,281,0.000000
280,330,0.006792
280,279,0.000000
280,230,0.006792
281,282,0.000000
281,331,0.013585
281,280,0.000000
281,231,0.006792
282,283,0.000000
282,332,0.013585
282,281,0.000000
282,232,0.006792
283,284,0.006792
283,333,0.013585
283,282,0.000000
283,233,0.006792
284,285,0.008769
284,334,0.013585
284,283,0.006792
284,234,0.006792
285,286,0.003922
285,335,0.014673
285,284,0.008769
285,235,0.003922
286,287,0.006792
286,336,0.021118
286,285,0.003922
286,236,0.007843
287,288,0.036367
287,337,0.014673
287,286,0.006792
287,237,0.007843
288,289,0.153743
288,338,0.043844
288,287,0.036367
288,238,0.016169
289,290,0.041130
289,339,0.017094
289,288,0.153743
289,239,0.006792
290,291,0.033962
290,340,0.016638
290,289,0.041130
290,240,0.014673
291,292,0.027730
291,341,0.022528
291,290,0.033962
291,241,0.009606
292,293,0.028818
292,342,0.023529
292,291,0.027730
292,242,0.011765
293,294,0.033962
293,343,0.027169
293,292,0.028818
293,243,0.013585
294,295,0.033962
294,344,0.027169
294,293,0.033962
294,244,0.013585
295,296,0.062129
295,345,0.027169
295,294,0.033962
295,245,0.013585
296,297,0.238958
296,346,0.052320
296,295,0.062129
296,246,0.193592
297,298,0.083834
297,347,0.199885
297,296,0.238958
297,247,0.100594
298,299,0.020377
298,348,0.043844
298,297,0.083834
298,248,0.017971
299,349,0.009606
299,298,0.020377
299,249,0.011092
300,301,0.063476
300,350,0.036788
300,250,0.030122
301,302,0.029607
301,351,0.032810
301,300,0.063476
301,251,0.028818
302,303,0.022866
302,352,0.023529
302,301,0.029607
302,252,0.025110
303,304,0.027169
303,353,0.014139
303,302,0.022866
303,253,0.019996
304,305,0.017971
304,354,0.021118
304,303,0.027169
304,254,0.022528
305,306,0.037203
305,355,0.022528
305,304,0.017971
305,255,0.032810
306,307,0.044540
306,356,0.033962
306,305,0.037203
306,256,0.040942
307,308,0.112979
307,357,0.047384
307,306,0.044540
307,257,0.076042
308,309,0.229236
308,358,0.055459
308,307,0.112979
308,258,0.084927
309,310,0.272062
309,359,0.171521
309,308,0.229236
309,259,0.169083
310,311,0.044540
310,360,0.036367
310,309,0.272062
310,260,0.038423
311,312,0.032338
311,361,0.049759
311,310,0.044540
311,261,0.025715
312,313,0.017971
312,362,0.026307
312,311,0.032338
312,262,0.013006
313,314,0.028279
313,363,0.028549
313,312,0.017971
313,263,0.007843
314,315,0.016169
314,364,0.031617
314,313,0.028279
314,264,0.006792
315,316,0.036367
315,365,0.043315
315,314,0.016169
315,265,0.007843
316,317,0.008769
316,366,0.022184
316,315,0.036367
316,266,0.046068
317,318,0.054902
317,367,0.051729
317,316,0.008769
317,267,0.032810
318,319,0.055042
318,368,0.028549
318,317,0.054902
318,268,0.009606
319,320,0.050526
319,369,0.006792
319,318,0.055042
319,269,0.011765
320,321,0.021118
320,370,0.031617
320,319,0.050526
320,270,0.005546
321,322,0.000000
321,371,0.025715
321,320,0.021118
321,271,0.011765
322,323,0.000000
322,372,0.014673
322,321,0.000000
322,272,0.016169
323,324,0.000000
323,373,0.008769
323,322,0.000000
323,273,0.019212
324,325,0.013585
324,374,0.021118
324,323,0.000000
324,274,0.019212
325,326,0.013585
325,375,0.025110
325,324,0.013585
325,275,0.029607
326,327,0.020377
326,376,0.027730
326,325,0.013585
326,276,0.032338
327,328,0.027730
327,377,0.021118
327,326,0.020377
327,277,0.032338
328,329,0.005546
328,378,0.008769
328,327,0.027730
328,278,0.013585
329,330,0.006792
329,379,0.008769
329,328,0.005546
329,279,0.000000
330,331,0.006792
330,380,0.014139
330,329,0.006792
330,280,0.006792
331,332,0.000000
331,381,0.014139
331,330,0.006792
331,281,0.013585
332,333,0.000000
332,382,0.014673
332,331,0.000000
332,282,0.013585
333,334,0.006792
333,383,0.014139
333,332,0.000000
333,283,0.013585
334,335,0.006792
334,384,0.014139
334,333,0.006792
334,284,0.013585
335,336,0.005546
335,385,0.014139
335,334,0.006792
335,285,0.014673
336,337,0.000000
336,386,0.012401
336,335,0.005546
336,286,0.021118
337,338,0.006792
337,387,0.014139
337,336,0.000000
337,287,0.014673
338,339,0.180945
338,388,0.029346
338,337,0.006792
338,288,0.043844
339,340,0.043137
339,389,0.080081
339,338,0.180945
339,289,0.017094
340,341,0.027169
340,390,0.014673
340,339,0.043137
340,290,0.016638
341,342,0.026307
341,391,0.022528
341,340,0.027169
341,291,0.022528
342,343,0.027730
342,392,0.017094
342,341,0.026307
342,292,0.023529
343,344,0.033962
343,393,0.022184
343,342,0.027730
343,293,0.027169
344,345,0.033962
344,394,0.023529
344,343,0.033962
344,294,0.027169
345,346,0.039411
345,395,0.027169
345,344,0.033962
345,295,0.027169
346,347,0.091550
346,396,0.030122
346,345,0.039411
346,296,0.052320
347,348,0.238346
347,397,0.075535
347,346,0.091550
347,297,0.199885
348,349,0.052905
348,398,0.098352
348,347,0.238346
348,298,0.043844
349,399,0.055459
349,348,0.052905
349,299,0.009606
350,351,0.067924
350,400,0.052173
350,300,0.036788
351,352,0.020377
351,401,0.047869
351,350,0.067924
351,301,0.032810
352,353,0.033962
352,402,0.031859
352,351,0.020377
352,302,0.023529
353,354,0.018394
353,403,0.024174
353,352,0.033962
353,303,0.014139
354,355,0.016169
354,404,0.017094
354,353,0.018394
354,304,0.021118
355,356,0.027169
355,405,0.021118
355,354,0.016169
355,305,0.022528
356,357,0.030878
356,406,0.027730
356,355,0.027169
356,306,0.033962
357,358,0.035076
357,407,0.038623
357,356,0.030878
357,307,0.047384
358,359,0.121379
358,408,0.014673
358,357,0.035076
358,308,0.055459
359,360,0.410587
359,409,0.098431
359,358,0.121379
359,309,0.171521
360,361,0.050221
360,410,0.069822
360,359,0.410587
360,310,0.036367
361,362,0.060244
361,411,0.063233
361,360,0.050221
361,311,0.049759
362,363,0.019608
362,412,0.039411
362,361,0.060244
362,312,0.026307
363,364,0.016638
363,413,0.037203
363,362,0.019608
363,313,0.028549
364,365,0.005546
364,414,0.052467
364,363,0.016638
364,314,0.031617
365,366,0.013585
365,415,0.053913
365,364,0.005546
365,315,0.043315
366,367,0.061881
366,416,0.058954
366,365,0.013585
366,316,0.022184
367,368,0.036996
367,417,0.033735
367,366,0.061881
367,317,0.051729
368,369,0.055598
368,418,0.018394
368,367,0.036996
368,318,0.028549
369,370,0.019996
369,419,0.005546
369,368,0.055598
369,319,0.006792
370,371,0.017971
370,420,0.006792
370,369,0.019996
370,320,0.031617
371,372,0.011765
371,421,0.005546
371,370,0.017971
371,321,0.025715
372,373,0.006792
372,422,0.012401
372,371,0.011765
372,322,0.014673
373,374,0.013585
373,423,0.017971
373,372,0.006792
373,323,0.008769
374,375,0.018394
374,424,0.017971
374,373,0.013585
374,324,0.021118
375,376,0.016169
375,425,0.022866
375,374,0.018394
375,325,0.025110
376,377,0.027169
376,426,0.020377
376,375,0.016169
376,326,0.027730
377,378,0.041130
377,427,0.000000
377,376,0.027169
377,327,0.021118
378,379,0.005546
378,428,0.009606
378,377,0.041130
378,328,0.008769
379,380,0.011765
379,429,0.011765
379,378,0.005546
379,329,0.008769
380,381,0.006792
380,430,0.020377
380,379,0.011765
380,330,0.014139
381,382,0.003922
381,431,0.027169
381,380,0.006792
381,331,0.014139
382,383,0.003922
382,432,0.018394
382,381,0.003922
382,332,0.014673
383,384,0.006792
383,433,0.013585
383,382,0.003922
383,333,0.014139
384,385,0.006792
384,434,0.013585
384,383,0.006792
384,334,0.014139
385,386,0.003922
385,435,0.013585
385,384,0.006792
385,335,0.014139
386,387,0.003922
386,436,0.011765
386,385,0.003922
386,336,0.012401
387,388,0.009606
387,437,0.016169
387,386,0.003922
387,337,0.014139
388,389,0.129471
388,438,0.013585
388,387,0.009606
388,338,0.029346
389,390,0.109242
389,439,0.098352
389,388,0.129471
389,339,0.080081
390,391,0.023200
390,440,0.023200
390,389,0.109242
390,340,0.014673
391,392,0.029607
391,441,0.014139
391,390,0.023200
391,341,0.022528
392,393,0.021118
392,442,0.021118
392,391,0.029607
392,342,0.017094
393,394,0.030122
393,443,0.025110
393,392,0.021118
393,343,0.022184
394,395,0.030122
394,444,0.025110
394,393,0.030122
394,344,0.023529
395,396,0.036367
395,445,0.020377
395,394,0.030122
395,345,0.027169
396,397,0.045226
396,446,0.016638
396,395,0.036367
396,346,0.030122
397,398,0.215722
397,447,0.016169
397,396,0.045226
397,347,0.075535
398,399,0.096298
398,448,0.077841
398,397,0.215722
398,348,0.098352
399,449,0.088822
399,398,0.096298
399,349,0.055459
400,401,0.072523
400,450,0.036996
400,350,0.052173
401,402,0.005546
401,451,0.032810
401,400,0.072523
401,351,0.047869
402,403,0.043492
402,452,0.037203
402,401,0.005546
402,352,0.031859
403,404,0.025110
403,453,0.029346
403,402,0.043492
403,353,0.024174
404,405,0.011765
404,454,0.038623
404,403,0.025110
404,354,0.017094
405,406,0.020377
405,455,0.039992
405,404,0.011765
405,355,0.021118
406,407,0.021118
406,456,0.037203
406,405,0.020377
406,356,0.027730
407,408,0.044884
407,457,0.048823
407,406,0.021118
407,357,0.038623
408,409,0.211183
408,458,0.094850
408,407,0.044884
408,358,0.014673
409,410,0.256346
409,459,0.179238
409,408,0.211183
409,359,0.098431
410,411,0.116134
410,460,0.043844
410,409,0.256346
410,360,0.069822
411,412,0.011765
411,461,0.028818
411,410,0.116134
411,361,0.063233
412,413,0.016638
412,462,0.023529
412,411,0.011765
412,362,0.039411
413,414,0.011765
413,463,0.023854
413,412,0.016638
413,363,0.037203
414,415,0.000000
414,464,0.022866
414,413,0.011765
414,364,0.052467
415,416,0.020377
415,465,0.028279
415,414,0.000000
415,365,0.053913
416,417,0.088301
416,466,0.028006
416,415,0.020377
416,366,0.058954
417,418,0.021118
417,467,0.029866
417,416,0.088301
417,367,0.033735
418,419,0.076143
418,468,0.000000
418,417,0.021118
418,368,0.018394
419,420,0.028549
419,469,0.006792
419,418,0.076143
419,369,0.005546
420,421,0.024174
420,470,0.000000
420,419,0.028549
420,370,0.006792
421,422,0.003922
421,471,0.005546
421,420,0.024174
421,371,0.005546
422,423,0.000000
422,472,0.013006
422,421,0.003922
422,372,0.012401
423,424,0.013585
423,473,0.013006
423,422,0.000000
423,373,0.017971
424,425,0.026307
424,474,0.019212
424,423,0.013585
424,374,0.017971
425,426,0.013585
425,475,0.013585
425,424,0.026307
425,375,0.022866
426,427,0.047546
426,476,0.006792
426,425,0.013585
426,376,0.020377
427,428,0.031859
427,477,0.006792
427,426,0.047546
427,377,0.000000
428,429,0.003922
428,478,0.006792
428,427,0.031859
428,378,0.009606
429,430,0.020377
429,479,0.013585
429,428,0.003922
429,379,0.011765
430,431,0.013585
430,480,0.020377
430,429,0.020377
430,380,0.020377
431,432,0.006792
431,481,0.006792
431,430,0.013585
431,381,0.027169
432,433,0.006792
432,482,0.000000
432,431,0.006792
432,382,0.018394
433,434,0.006792
433,483,0.006792
433,432,0.006792
433,383,0.013585
434,435,0.006792
434,484,0.006792
434,433,0.006792
434,384,0.013585
435,436,0.000000
435,485,0.013585
435,434,0.006792
435,385,0.013585
436,437,0.006792
436,486,0.006792
436,435,0.000000
436,386,0.011765
437,438,0.006792
437,487,0.006792
437,436,0.006792
437,387,0.016169
438,439,0.044884
438,488,0.000000
438,437,0.006792
438,388,0.013585
439,440,0.186182
439,489,0.050526
439,438,0.044884
439,389,0.098352
440,441,0.032575
440,490,0.084927
440,439,0.186182
440,390,0.023200
441,442,0.021118
441,491,0.021479
441,440,0.032575
441,391,0.014139
442,443,0.016169
442,492,0.021118
442,441,0.021118
442,392,0.021118
443,444,0.030122
443,493,0.018394
443,442,0.016169
443,393,0.025110
444,445,0.035294
444,494,0.022866
444,443,0.030122
444,394,0.025110
445,446,0.044884
445,495,0.013585
445,444,0.035294
445,395,0.020377
446,447,0.051431
446,496,0.016169
446,445,0.044884
446,396,0.016638
447,448,0.147724
447,497,0.012401
447,446,0.051431
447,397,0.016169
448,449,0.086808
448,498,0.014673
448,447,0.147724
448,398,0.077841
449,499,0.105373
449,448,0.086808
449,399,0.088822
450,451,0.070261
450,500,0.482608
450,400,0.036996
451,452,0.013585
451,501,0.401573
451,450,0.070261
451,401,0.032810
452,453,0.056693
452,502,0.401573
452,451,0.013585
452,402,0.037203
453,454,0.036788
453,503,0.367416
453,452,0.056693
453,403,0.029346
454,455,0.018394
454,504,0.332155
454,453,0.036788
454,404,0.038623
455,456,0.016169
455,505,0.307937
455,454,0.018394
455,405,0.039992
456,457,0.039992
456,506,0.305253
456,455,0.016169
456,406,0.037203
457,458,0.099595
457,507,0.303231
457,456,0.039992
457,407,0.048823
458,459,0.118169
458,508,0.174895
458,457,0.099595
458,408,0.094850
459,460,0.387283
459,509,0.088301
459,458,0.118169
459,409,0.179238
460,461,0.132291
460,510,0.024174
460,459,0.387283
460,410,0.043844
461,462,0.017094
461,511,0.028818
461,460,0.132291
461,411,0.028818
462,463,0.019608
462,512,0.016638
462,461,0.017094
462,412,0.023529
463,464,0.009606
463,513,0.012401
463,462,0.019608
463,413,0.023854
464,465,0.005546
464,514,0.013006
464,463,0.009606
464,414,0.022866
465,466,0.013585
465,515,0.011765
465,464,0.005546
465,415,0.028279
466,467,0.063959
466,516,0.027730
466,465,0.013585
466,416,0.028006
467,468,0.017094
467,517,0.018394
467,466,0.063959
467,417,0.029866
468,469,0.082818
468,518,0.014673
468,467,0.017094
468,418,0.000000
469,470,0.033735
469,519,0.014673
469,468,0.082818
469,419,0.006792
470,471,0.025415
470,520,0.005546
470,469,0.033735
470,420,0.000000
471,472,0.009606
471,521,0.000000
471,470,0.025415
471,421,0.005546
472,473,0.000000
472,522,0.000000
472,471,0.009606
472,422,0.013006
473,474,0.020377
473,523,0.016169
473,472,0.000000
473,423,0.013006
474,475,0.025110
474,524,0.018394
474,473,0.020377
474,424,0.019212
475,476,0.006792
475,525,0.006792
475,474,0.025110
475,425,0.013585
476,477,0.033962
476,526,0.006792
476,475,0.006792
476,426,0.006792
477,478,0.031859
477,527,0.013585
477,476,0.033962
477,427,0.006792
478,479,0.005546
478,528,0.020377
478,477,0.031859
478,428,0.006792
479,480,0.027169
479,529,0.020377
479,478,0.005546
479,429,0.013585
480,481,0.000000
480,530,0.013585
480,479,0.027169
480,430,0.020377
481,482,0.013585
481,531,0.013585
481,480,0.000000
481,431,0.006792
482,483,0.000000
482,532,0.013585
482,481,0.013585
482,432,0.000000
483,484,0.006792
483,533,0.006792
483,482,0.000000
483,433,0.006792
484,485,0.000000
484,534,0.000000
484,483,0.006792
484,434,0.006792
485,486,0.006792
485,535,0.000000
485,484,0.000000
485,435,0.013585
486,487,0.006792
486,536,0.013585
486,485,0.006792
486,436,0.006792
487,488,0.000000
487,537,0.006792
487,486,0.006792
487,437,0.006792
488,489,0.008769
488,538,0.006792
488,487,0.000000
488,438,0.000000
489,490,0.151932
489,539,0.008769
489,488,0.008769
489,439,0.050526
490,491,0.096538
490,540,0.126952
490,489,0.151932
490,440,0.084927
491,492,0.021479
491,541,0.078235
491,490,0.096538
491,441,0.021479
492,493,0.019996
492,542,0.017971
492,491,0.021479
492,442,0.021118
493,494,0.026307
493,543,0.018394
493,492,0.019996
493,443,0.018394
494,495,0.043492
494,544,0.014673
494,493,0.026307
494,444,0.022866
495,496,0.045395
495,545,0.011765
495,494,0.043492
495,445,0.013585
496,497,0.058034
496,546,0.013006
496,495,0.045395
496,446,0.016169
497,498,0.160880
497,547,0.027451
497,496,0.058034
497,447,0.012401
498,499,0.177816
498,548,0.060879
498,497,0.160880
498,448,0.014673
499,549,0.061881
499,498,0.177816
499,449,0.105373
500,501,0.013585
500,550,0.028818
500,450,0.482608
501,502,0.013585
501,551,0.035511
501,500,0.013585
501,451,0.401573
502,503,0.021118
502,552,0.028818
502,501,0.013585
502,452,0.401573
503,504,0.009606
503,553,0.024174
503,502,0.021118
503,453,0.367416
504,505,0.009606
504,554,0.021479
504,503,0.009606
504,454,0.332155
505,506,0.013585
505,555,0.028549
505,504,0.009606
505,455,0.307937
506,507,0.039992
506,556,0.039606
506,505,0.013585
506,456,0.305253
507,508,0.029607
507,557,0.035727
507,506,0.039992
507,457,0.303231
508,509,0.200346
508,558,0.030878
508,507,0.029607
508,458,0.174895
509,510,0.490557
509,559,0.014673
509,508,0.200346
509,459,0.088301
510,511,0.137535
510,560,0.022184
510,509,0.490557
510,460,0.024174
511,512,0.013006
511,561,0.009606
511,510,0.137535
511,461,0.028818
512,513,0.011765
512,562,0.016169
512,511,0.013006
512,462,0.016638
513,514,0.014139
513,563,0.021479
513,512,0.011765
513,463,0.012401
514,515,0.005546
514,564,0.013585
514,513,0.014139
514,464,0.013006
515,516,0.003922
515,565,0.006792
515,514,0.005546
515,465,0.011765
516,517,0.055181
516,566,0.005546
516,515,0.003922
516,466,0.027730
517,518,0.033962
517,567,0.003922
517,516,0.055181
517,467,0.018394
518,519,0.083189
518,568,0.031859
518,517,0.033962
518,468,0.014673
519,520,0.024802
519,569,0.018394
519,518,0.083189
519,469,0.014673
520,521,0.022866
520,570,0.013585
520,519,0.024802
520,470,0.005546
521,522,0.009606
521,571,0.008769
521,520,0.022866
521,471,0.000000
522,523,0.016169
522,572,0.014673
522,521,0.009606
522,472,0.000000
523,524,0.022866
523,573,0.022866
523,522,0.016169
523,473,0.016169
524,525,0.014673
524,574,0.019608
524,523,0.022866
524,474,0.018394
525,526,0.006792
525,575,0.006792
525,524,0.014673
525,475,0.006792
526,527,0.027169
526,576,0.013585
526,525,0.006792
526,476,0.006792
527,528,0.025110
527,577,0.033962
527,526,0.027169
527,477,0.013585
528,529,0.005546
528,578,0.029607
528,527,0.025110
528,478,0.020377
529,530,0.020377
529,579,0.020377
529,528,0.005546
529,479,0.020377
530,531,0.000000
530,580,0.020377
530,529,0.020377
530,480,0.013585
531,532,0.013585
531,581,0.013585
531,530,0.000000
531,481,0.013585
532,533,0.006792
532,582,0.006792
532,531,0.013585
532,482,0.013585
533,534,0.013585
533,583,0.006792
533,532,0.006792
533,483,0.006792
534,535,0.000000
534,584,0.006792
534,533,0.013585
534,484,0.000000
535,536,0.006792
535,585,0.006792
535,534,0.000000
535,485,0.000000
536,537,0.000000
536,586,0.000000
536,535,0.006792
536,486,0.013585
537,538,0.000000
537,587,0.000000
537,536,0.000000
537,487,0.006792
538,539,0.006792
538,588,0.000000
538,537,0.000000
538,488,0.006792
539,540,0.032338
539,589,0.011765
539,538,0.006792
539,489,0.008769
540,541,0.145151
540,590,0.035294
540,539,0.032338
540,490,0.126952
541,542,0.081035
541,591,0.154392
541,540,0.145151
541,491,0.078235
542,543,0.021118
542,592,0.046731
542,541,0.081035
542,492,0.017971
543,544,0.030122
543,593,0.011765
543,542,0.021118
543,493,0.018394
544,545,0.046068
544,594,0.005546
544,543,0.030122
544,494,0.014673
545,546,0.051431
545,595,0.006792
545,544,0.046068
545,495,0.011765
546,547,0.081603
546,596,0.017971
546,545,0.051431
546,496,0.013006
547,548,0.200691
547,597,0.022866
547,546,0.081603
547,497,0.027451
548,549,0.064438
548,598,0.095255
548,547,0.200691
548,498,0.060879
549,599,0.100899
549,548,0.064438
549,499,0.061881
550,551,0.036367
550,600,0.385552
550,500,0.028818
551,552,0.009606
551,601,0.230340
551,550,0.036367
551,501,0.035511
552,553,0.021118
552,602,0.245936
552,551,0.009606
552,502,0.028818
553,554,0.005546
553,603,0.205312
553,552,0.021118
553,503,0.024174
554,555,0.013006
554,604,0.156961
554,553,0.005546
554,504,0.021479
555,556,0.023200
555,605,0.089253
555,554,0.013006
555,505,0.028549
556,557,0.036996
556,606,0.050373
556,555,0.023200
556,506,0.039606
557,558,0.022866
557,607,0.017971
557,556,0.036996
557,507,0.035727
558,559,0.223082
558,608,0.009606
558,557,0.022866
558,508,0.030878
559,560,0.480516
559,609,0.008769
559,558,0.223082
559,509,0.014673
560,561,0.141720
560,610,0.021118
560,559,0.480516
560,510,0.022184
561,562,0.014673
561,611,0.013585
561,560,0.141720
561,511,0.009606
562,563,0.016638
562,612,0.013585
562,561,0.014673
562,512,0.016169
563,564,0.003922
563,613,0.006792
563,562,0.016638
563,513,0.021479
564,565,0.011765
564,614,0.000000
564,563,0.003922
564,514,0.013585
565,566,0.000000
565,615,0.000000
565,564,0.011765
565,515,0.006792
566,567,0.056693
566,616,0.000000
566,565,0.000000
566,516,0.005546
567,568,0.019996
567,617,0.011765
567,566,0.056693
567,517,0.003922
568,569,0.062500
568,618,0.038822
568,567,0.019996
568,518,0.031859
569,570,0.031859
569,619,0.040942
569,568,0.062500
569,519,0.018394
570,571,0.013006
570,620,0.009606
570,569,0.031859
570,520,0.013585
571,572,0.011765
571,621,0.016169
571,570,0.013006
571,521,0.008769
572,573,0.033962
572,622,0.020377
572,571,0.011765
572,522,0.014673
573,574,0.020377
573,623,0.000000
573,572,0.033962
573,523,0.022866
574,575,0.000000
574,624,0.000000
574,573,0.020377
574,524,0.019608
575,576,0.000000
575,625,0.000000
575,574,0.000000
575,525,0.006792
576,577,0.006792
576,626,0.013585
576,575,0.000000
576,526,0.013585
577,578,0.029607
577,627,0.020377
577,576,0.006792
577,527,0.033962
578,579,0.005546
578,628,0.032338
578,577,0.029607
578,528,0.029607
579,580,0.020377
579,629,0.037203
579,578,0.005546
579,529,0.020377
580,581,0.006792
580,630,0.023200
580,579,0.020377
580,530,0.020377
581,582,0.033962
581,631,0.013006
581,580,0.006792
581,531,0.013585
582,583,0.006792
582,632,0.013006
582,581,0.033962
582,532,0.006792
583,584,0.000000
583,633,0.011092
583,582,0.006792
583,533,0.006792
